x0=0:9;
x1=0:9;

p1max=5;
p1min=4;
p0max=2;
p0min=1;
